147
771
797
879
1173
1353
1412
1424
1637
1807
3011
3506
3549
3686
4437
4817
4880
5074
5169
5236
5836
6150
6249
6322
6389
6489
6659
6728
6800
6918
7041
7335
7395
7603
7616
8172
9104
9151
9379
9643
9727
9740
10042
10320
10542
10570
10575
10718
11149
12831
13497
14575
14637
14728
14924
14934
14966
15107
15387
15502
15578
15602
15717
15852
15961
16113
16269
16403
16838
17164
17741
17746
17786
17820
17857
18693
18825
18973
19168
19678
19776
19843
20011
20210
20315
20410
20612
20674
20985
21006
21162
21225
21321
21431
21446
21726
21732
21814
21849
21855
21862
21976
22742
22806
23116
23363
23670
24163
24212
24458
24573
24595
24621
24682
24813
24895
24949
25103
25133
25156
25578
25691
25754
25915
25918
26040
26190
26328
26516
26742
27318
27564
27689
27774
27828
28061
28159
28344
28425
28603
28943
29201
29220
29496
29619
29866
29997
30401
30476
30574
30699
30804
31033
31131
31203
31303
31350
31776
32000
32052
32069
32145
32333
32613
32716
32758
32802
32837
32865
32950
33811
33851
33878
33928
34056
34104
34186
34633
34647
35052
35374
35596
35828
35919
36165
36768
36906
37821
37834
38039
38150
38171
38612
38810
39024
39639
39843
39974
40658
40854
40946
41220
41352
41422
41638
41704
41948
42357
42452
42655
42886
42999
43232
43494
43532
43608
43830
44725
45799
45873
46008
46370
46528
46922
47290
47342
47400
47455
47534
47570
48053
48167
48317
48485
48847
49310
50087
50363
50995
51004
51048
51626
52025
52032
52234
52325
52726
53308
53458
53590
