341
1563
1609
1807
2400
2759
2861
2887
3250
3674
6062
6972
7096
7310
8837
9658
9850
10209
10328
10474
11837
12568
12719
12905
13005
13205
13541
13710
13934
14216
14400
14936
15009
15421
15438
16961
18854
18887
19168
19698
19955
19998
20554
21113
21578
21610
21638
21893
22811
26733
28058
30091
30223
30357
30663
30692
30808
31141
31692
31986
32215
32287
32492
32717
32900
33169
33527
33879
34929
35553
36717
36723
36834
36939
37035
38805
39026
39346
39676
40864
41178
41315
41621
41959
42200
42384
42797
42918
43602
43675
43981
44069
44221
44406
44422
45010
45045
45170
45225
45244
45250
45644
46898
47022
47570
48158
48718
49611
49721
50299
50517
50580
50637
50752
51024
51126
51227
51537
51572
51622
52344
52546
52618
52898
52900
52987
53238
53490